16 [0, 49, 77]
52 [1, 17, 70, 78, 98]
53 [2, 10, 69]
57 [3, 15, 25, 91, 97]
15 [4]
58 [5, 22, 23]
42 [6, 34, 60, 94]
22 [7, 12, 29]
62 [8, 51, 65, 73]
18 [9, 35, 89]
46 [11, 61]
38 [13, 27, 56]
51 [14, 36, 38, 41, 74]
39 [16, 62, 85]
33 [18, 81, 90, 95]
23 [19, 31, 67]
28 [20, 82]
29 [21]
37 [24, 87]
65 [26, 52]
25 [28, 32, 55]
17 [30]
55 [33, 71]
43 [37, 59]
61 [39, 44, 72]
30 [40, 63, 64, 68]
40 [42]
47 [43, 83]
45 [45]
54 [46]
59 [47]
63 [48, 96]
49 [50]
64 [53]
20 [54, 80]
48 [57, 79, 84]
44 [58]
27 [66]
19 [75, 88]
41 [76]
34 [86]
60 [92]
21 [93]
36 [99]
